1640123658
1640123658
1572209869
1805758411
1245675790
1761791251
1301591875
1662257560
1640123658
1572209869
1761791251
1351886959
1704644698
1640123658
1572209869
1715579305
1640123658
1277138224
1703492153
1669876161
1572209869
1761791251
1640123658
1251136642
1245675790
1572209869
1640123658
1572209869
1640123658
1572209869
1640123658
1572209869
1684062237
1662257560
1750459307
1640123658
1534529260
1572209869
1605322611
1417414502
1488024151
1662257560
1640123658
1572209869
1662257560
1351886959
1488024151
1750481762
1590534742
1605322611
1251136642
1503004102
1074511071
1640123658
1572209869
1605322611
1761791251
1535275735
1251136642
1488024151
1358935867
1351886959
1074511071
1617683916
1694528462
1640123658
1750459307
1662257560
1358935867
1572209869
1251136642
1750481762
1178174424
1590534742
1488024151
1605322611
1074511071
1640123658
1238833987
1074511071
1605322611
1358935867
1572209869
1338842737
1503004102
1592163300
1590534742
1417414502
1761791251
1640123658
1572209869
1750459307
1662257560
1656509049
1694528462
1358935867
1251136642
1761791251
1488024151
1351886959
1624111695
1750481762
1326223284
1640123658
1417414502
1750481762
1572209869
1228946795
1497566150
1662257560
1488024151
1277138224
1534529260
1220439828
1761791251
1684062237
1640123658
1572209869
1336799876
1694528462
1662257560
1624111695
1701685420
1644386175
1766679337
1277138224
1684062237
1488024151
1640123658
1750481762
1572209869
1642508293
1488024151
1417414502
1074511071
1358935867
1761791251
1640123658
1572209869
1488024151
1761791251
1336799876
1640123658
1572209869
1358935867
1074511071
1640123658
1503004102
1503004102
1763071465
1272156698
1572209869
1535275735
1597438018
1618643037
1503004102
1572209869
1625506225
1635652766
1763071465
1616473846
1661629873
1640123658
1503004102
1640123658
1572209869
1720152832
1503004102
1605322611
1572209869
1272156698
1616473846
1597438018
1503004102
1572209869
1605322611
1597438018
1220439828
1616473846
1503004102
1616473846
1572209869
1503004102
1572209869
1616473846
1336799876
1503004102
1425882738
1470143719
1336799876
1572209869
1635652766
1238833987
1605322611
1228946795
1616473846
1153203443
1535275735
1503004102
1605322611
1572209869
1153203443
1769631505
1769631505
1336799876
1572209869
1358935867
1616473846
1488024151
1763071465
1187639879
1503004102
1272156698
1080641057
1769631505
1572209869
1358935867
1336799876
1640123658
1605322611
1769631505
1640123658
1336799876
1720152832
1572209869
1187639879
1618643037
1635652766
1358935867
1436267226
1769631505
1572209869
1691625146
1769631505
1572209869
1358935867
1625506225
1769631505
1572209869
1769631505
1572209869
1720152832
1720152832
1572209869
1720152832
1572209869
1605322611
1358935867
1720152832
1572209869
1605322611
1358935867
1720152832
1572209869
1769631505
1640123658
1358935867
1605322611
1720152832
1358935867
1605322611
1572209869
1425882738
1238833987
1592163300
1387846699
1720152832
1605322611
1572209869
1425882738
1387846699
1615618539
1597438018
1597438018
1572209869
1763071465
1625506225
1503004102
1605322611
1535275735
1706947495
1358935867
1597438018
1358935867
1763071465
1572209869
1238833987
1503004102
1640123658
1750481762
1336799876
1618643037
1597438018
1572209869
1503004102
1336799876
1625506225
1605322611
1720152832
1763071465
1640123658
1238833987
1358935867
1228946795
1597438018
1572209869
1238833987
1265785913
1625506225
1503004102
1720152832
1358935867
1597438018
1358935867
1572209869
1238833987
1625506225
1336799876
1503004102
1701685420
1605322611
1597438018
1572209869
1592163300
1605322611
1503004102
1336799876
1265785913
1640123658
1597438018
1336799876
1616473846
1572209869
1358935867
1720152832
1625506225
1605322611
1763071465
1597438018
1572209869
1336799876
1592163300
1625506225
1503004102
1750481762
1074511071
1605322611
1358935867
1597438018
1358935867
1503004102
1572209869
1605322611
1750481762
1336799876
1238833987
1763071465
1597438018
1750481762
1572209869
1488024151
1693134999
1635652766
1238833987
1701685420
1592163300
1597438018
1605322611
1572209869
1763071465
1238833987
1750481762
1592163300
1074511071
1597438018
1572209869
1625506225
1503004102
1238833987
1590534742
1592163300
1763071465
1597438018
1625506225
1625506225
1572209869
1662257560
1535275735
1763071465
1228559511
1640123658
1750481762
1625506225
1572209869
1640123658
1358935867
1763071465
1503004102
1238833987
1625506225
1572209869
1640123658
1763071465
1453453123
1511712900
1358935867
1238833987
1488024151
1503004102
1750481762
1436267226
1625506225
1572209869
1640123658
1358935867
1488024151
1178174424
1605322611
1625506225
1572209869
1358935867
1640123658
1597438018
1605322611
1625506225
1572209869
1597438018
1616473846
1763071465
1503004102
1720152832
1251136642
1358935867
1178174424
1588138066
1605322611
1625506225
1503004102
1763071465
1572209869
1605322611
1640123658
1635652766
1720152832
1597438018
1625506225
1572209869
1238833987
1763071465
1605322611
1488024151
1750481762
1625506225
1572209869
1605322611
1635652766
1660937749
1178174424
1592163300
1592163300
1572209869
1640123658
1763071465
1358935867
1503004102
1605322611
1272156698
1592163300
1272156698
1572209869
1640123658
1592163300
1572209869
1238833987
1763071465
1640123658
1592163300
1640123658
1597438018
1358935867
1763071465
1572209869
1238833987
1618643037
1616473846
1592163300
1763071465
1572209869
1640123658
1654044718
1605322611
1720152832
1065276858
1592163300
1763071465
1358935867
1640123658
1605322611
1488024151
1572209869
1503004102
1065276858
1635652766
1592163300
1635652766
1572209869
1358935867
1763071465
1605322611
1640123658
1592163300
1720152832
1503004102
1336799876
1572209869
1640123658
1605322611
1488024151
1592163300
1572209869
1720152832
1605322611
1640123658
1358935867
1592163300
1358935867
1640123658
1605322611
1572209869
1720152832
1763071465
1616473846
1503004102
1592163300
1238833987
1336799876
1640123658
1605322611
1572209869
1763071465
1717182747
1720152832
1617467346
1052590705
1790514079
1535275735
1616473846
1488024151
1251136642
1358935867
1592163300
1640123658
1572209869
1338842737
1605322611
1238833987
1750481762
1720152832
1358935867
1635652766
1625506225
1503004102
1763071465
1592163300
1605322611
1572209869
1625506225
1238833987
1336799876
1720152832
1358935867
1597438018
1763071465
1592163300
1572209869
1625506225
1750481762
1336799876
1605322611
1763071465
1616473846
1488024151
1662257560
1640123658
1592163300
1488024151
1503004102
1662257560
1640123658
1572209869
1605322611
1693134999
1535275735
1761791251
1616473846
1635652766
1238833987
1592163300
1640123658
1635652766
1642508293
1605322611
1597438018
1750481762
1616473846
1238833987
1572209869
1074511071
1573843926
1592163300
1641520356
1488024151
1605322611
1597438018
1139728061
1439260832
1572209869
1581738563
1640123658
1238833987
1573843926
1592163300
1572209869
1640123658
1763071465
1139728061
1153203443
1534529260
1503004102
1592163300
1763071465
1597438018
1640123658
1503004102
1326567856
1592163300
1597438018
1503004102
1763071465
1795314233
1795314233
1065276858
1089474371
1562062076
1572209869
1503004102
1265785913
1633525712
1128101301
1640123658
1356558570
1551902892
1185291903
1238833987
1535275735
1795314233
1572209869
1328631020
1526452346
1065276858
1640123658
1720152832
1618643037
1089474371
1156177275
1082968817
1590534742
1795314233
1065276858
1572209869
1265785913
1472186202
1347278035
1089474371
1795314233
1503004102
1065276858
1074511071
1572209869
1640123658
1082968817
1605322611
1590534742
1356558570
1265358047
1653406947
1795314233
1065276858
1572209869
1605322611
1074511071
1720152832
1207954453
1313780417
1358935867
1653406947
1338842737
1503004102
1795314233
1572209869
1065276858
1358935867
1534529260
1074511071
1144616980
1472186202
1356558570
1313780417
1605322611
1597438018
1795314233
1605322611
1065276858
1572209869
1640123658
1144616980
1082968817
1074511071
1590534742
1553587416
1313780417
1472186202
1265785913
1265358047
1477711430
1795314233
1605322611
1472186202
1597438018
1717182747
1572209869
1503004102
1065276858
1074511071
1450687245
1238833987
1358935867
1082968817
1617683916
1640123658
1590534742
1356558570
1795314233
1065276858
1572209869
1313780417
1472186202
1625506225
1101806611
1003698528
1503004102
1089474371
1795314233
1503004102
1585032928
1639836943
1356558570
1590534742
1082968817
1625506225
1488024151
1572209869
1794711668
1065276858
1338842737
1100729786
1295454950
1472186202
1605322611
1795314233
1065276858
1572209869
1605322611
1693134999
1503004102
1051341773
1472186202
1750481762
1265785913
1640123658
1795314233
1605322611
1472186202
1065276858
1585032928
1356558570
1572209869
1082968817
1260622817
1366415996
1514685631
1074511071
1795314233
1472186202
1585032928
1356558570
1572209869
1082968817
1065276858
1260622817
1592163300
1761791251
1074511071
1795314233
1572209869
1472186202
1605322611
1065276858
1736895964
1640123658
1639057162
1581738563
1462245423
1231155608
1416475410
1795314233
1065276858
1003698528
1472186202
1510033180
1640123658
1639057162
1457644020
1313780417
1795314233
1472186202
1480718461
1065276858
1746014776
1746014776
1358935867
1572209869
1065276858
1720152832
1640123658
1074511071
1618643037
1769631505
1338842737
1625506225
1605322611
1616473846
1503004102
1746014776
1572209869
1720152832
1605322611
1075088144
1358935867
1238833987
1746014776
1605322611
1572209869
1351886959
1074511071
1581738563
1328631020
1328631020
1065276858
1572209869
1265785913
1640123658
1605322611
1328631020
1572209869
1065276858
1597438018
1358935867
1720152832
1239008568
1082968817
1265785913
1503004102
1592391298
1625506225
1336799876
1640123658
1328631020
1572209869
1338842737
1605322611
1065276858
1358935867
1625506225
1328631020
1635652766
1065276858
1338842737
1572209869
1763071465
1082968817
1605322611
1472186202
1238833987
1328631020
1065276858
1572209869
1763071465
1082968817
1763071465
1763071465
1572209869
1605322611
1735000219
1757328357
1763071465
1572209869
1605322611
1750481762
1074511071
1358935867
1503004102
1763071465
1572209869
1358935867
1605322611
1597438018
1592163300
1534529260
1277138224
1640123658
1763071465
1572209869
1635652766
1693134999
1605322611
1640123658
1238833987
1763071465
1572209869
1065276858
1472186202
1763071465
1260344485
1535275735
1535275735
1572209869
1605322611
1472186202
1074511071
1790907266
1535275735
1572209869
1710801032
1700627311
1250071312
1790907266
1101170442
1669876161
1082968817
1590534742
1535275735
1572209869
1291953231
1249511529
1790907266
1535275735
1590534742
1572209869
1790907266
1688408086
1038402501
1419310838
1210023966
1101170442
1580589993
1535275735
1074511071
1790907266
1232469282
1038402501
1572209869
1425882738
1065276858
1387645188
1330314395
1535275735
1065276858
1572209869
1038402501
1790907266
1140991878
1074511071
1456334058
1552693214
1535275735
1572209869
1101170442
1051341773
1038402501
1074511071
1052590705
1241760129
1535275735
1755883392
1074511071
1472118005
1099860397
1572209869
1082968817
1754796597
1094054752
1038402501
1736895964
1356558570
1065276858
1309100162
1535275735
1572209869
1038402501
1109060533
1074511071
1605322611
1260622817
1590534742
1720152832
1535275735
1399412337
1074511071
1199677725
1038402501
1572209869
1109060533
1425882738
1720152832
1197253504
1472186202
1590534742
1535275735
1074511071
1572209869
1101170442
1038402501
1219587697
1535793596
1535275735
1572209869
1701685420
1074511071
1012339614
1082968817
1736895964
1356558570
1038402501
1590534742
1373485405
1197210433
1566105079
1456334058
1065276858
1210987817
1588138066
1535275735
1425996700
1572209869
1736895964
1603415279
1126629353
1654044718
1654044718
1654044718
1654044718
1065276858
1654044718
1654044718
1654044718
1228946795
1654044718
1605322611
1065276858
1228946795
1654044718
1572209869
1605322611
1654044718
1080641057
